3777723
694390
447422
378408
429695
391011
506188
521693
674662
589649
610100
598465
593490
623537
814948
967474
867478
746274
511809
1239436
617571
713682
752311
616215
848329
565855
516666
316708
488707
432511
466412
474335
333616
382299
394980
516442
520941
385540
725459
492877
518257
377177
379542
447931
402100
366526
370041
319924
429698
374558
352905
381353
360448
375506
364990
358976
503026
389003
392117
400730
449536
420634
425787
506129
681686
645017
639203
687921
720401
689400
641120
503192
540794
806332
866387
693324
855336
598604
585315
519591
529112
725375
510636
517025
519865
520664
518651
529258
536135
540208
573548
560794
773647
836497
864198
953286
944385
956409
989030
1077236
