833
939
1267
1658
2516
2365
2862
3220
3543
3926
5316
6192
12391
3307
1541
1389
2029
1640
1664
1429
1732
1638
1559
1575
1817
1805
1977
1964
2089
2031
3137
2264
2377
2423
2394
2608
2606
2807
4415
3419
3051
3395
7410
4186
3666
9107
3960
13781
7535
3915
6434
3811
8561
9705
6436
10732
10306
4527
4061
4526
4788
4896
4606
5245
5201
5372
5532
5340
5898
6331
6692
6740
6392
6182
6386
9851
14404
8825
7778
7219
6751
6941
7435
8182
8228
11918
9430
10604
12635
10002
9223
9788
13163
15101
10430
10202
10306
14116
10727
11132
