7428
5308
3499
3133
4144
4606
4952
5730
6281
7747
10352
3428
1688
1873
2372
2288
2529
2361
2556
2786
3099
3011
3131
3198
3584
3441
3710
4506
4802
12075
12196
5112
10307
7873
6679
3753
3960
4320
4381
5266
4810
5025
4840
5204
5809
6175
6113
5883
6355
6972
6703
7089
7408
7598
7996
10866
8394
8756
9238
9216
9939
9984
10624
10887
10727
10872
11894
11953
13616
13733
12290
12627
12313
13072
13492
13875
13774
14436
14459
14837
15444
15399
15620
15921
17037
17225
17241
17531
18331
18140
16760
18899
18435
19179
18797
20397
20639
20881
25331
22541
