1504940
1297059
1170534
956863
796621
1256216
1284159
1325261
1418864
1753222
2001102
1859866
2245009
2536077
1807562
1965548
2795388
2284101
1987386
2557627
3235764
1906968
2636238
2614680
2200430
2102212
2926241
2715864
2486773
1869656
2167080
2054026
2251491
2995811
2693582
2305381
2333331
2820979
2543063
2961163
2943522
3201874
2797385
3118770
3194035
3592969
3128672
3181891
3804707
3591291
3727479
3820183
3597290
4049034
4027649
4044993
4523777
4256070
4289577
4320876
4196646
4338961
4776703
4786756
4445818
4509472
5072370
5185839
4690963
5137388
5201466
5285808
4810348
5604809
5396024
5106555
5374763
5975486
5469971
5641719
5956332
5885356
5609793
6237511
6022974
6008134
6282119
6154041
5921364
6782722
6310974
6480711
7027076
6103178
6751234
7487947
6406606
7248566
7443154
6917008
