36551
47087
35145
60372
250944
147220
92510
89315
66745
80337
84635
111847
133442
78969
126908
132230
178751
105670
105746
112453
112124
149480
119111
146636
109773
108199
105810
128725
117999
115451
99915
110717
105948
143202
161085
160725
164774
157143
188349
168291
169078
231152
222279
305691
196395
210229
231888
242994
202884
150479
147703
273356
252472
192454
225510
212799
260683
224629
239365
219595
240784
304609
295439
303144
315560
302719
247964
285948
332834
218564
190445
183124
195302
197421
247853
235689
235438
238214
236490
234413
203031
212800
210213
218328
219607
222791
229762
243509
235728
232734
245488
305743
398869
482192
400805
287775
273717
268090
278485
265222
